193.8537061214447
192.60986852645874
164.43575358390808
133.50400704145432
121.38134759664536
106.76957854628563
94.15745133161545
84.71555548906326
79.2115314155817
74.97110758721828
70.81720943748951
66.19551534950733
62.84873314201832
61.09719553589821
58.55888341367245
56.31499783694744
54.137803353369236
50.73240451514721
48.21001425012946
46.90824939310551
44.38159976154566
42.803742334246635
41.73758686333895
39.67289254628122
38.28072088211775
35.97917680442333
35.99423671141267
32.43408124521375
31.632522964850068
30.83898063376546
29.45281572267413
29.21680794097483
25.81875040754676
24.662340484559536
23.43452467955649
22.679793432354927
21.358324638567865
22.042006072588265
18.962040800135583
18.29183535883203
18.411933104041964
17.374520144890994
16.591395147610456
15.622766900807619
15.560600085183978
13.313713333103806
10.855891777668148
10.01339650596492
10.98456957261078
9.290084658190608
