0.2708333333333333
0.2575
0.5033333333333333
0.5583333333333333
0.6608333333333334
0.6375
0.7591666666666667
0.7875
0.8008333333333333
0.8233333333333334
0.7891666666666667
0.8508333333333333
0.8533333333333334
0.8433333333333334
0.8525
0.865
0.8566666666666667
0.8575
0.8891666666666667
0.8533333333333334
0.8691666666666666
0.8583333333333333
0.8825
0.8791666666666667
0.8916666666666667
0.8675
0.895
0.8858333333333334
0.8791666666666667
0.875
0.8983333333333333
0.89
0.9025
0.9016666666666666
0.885
0.8983333333333333
0.8833333333333333
0.8941666666666667
0.8991666666666667
0.9025
0.8933333333333333
0.8975
0.865
0.8816666666666667
0.9033333333333333
0.9025
0.9008333333333334
0.8916666666666667
0.8941666666666667
0.9075
