0.7941666666666667
0.6908333333333333
0.8275
0.8558333333333333
0.825
0.8591666666666666
0.8683333333333333
0.8425
0.8441666666666666
0.8583333333333333
0.8133333333333334
0.8625
0.8658333333333333
0.8625
0.8608333333333333
0.8658333333333333
0.8066666666666666
0.8633333333333333
0.8675
0.8641666666666666
0.8641666666666666
0.8658333333333333
0.8608333333333333
0.8683333333333333
0.8658333333333333
0.8675
0.8666666666666667
0.8708333333333333
0.8708333333333333
0.87
0.8683333333333333
0.8691666666666666
0.87
0.87
0.8708333333333333
0.8691666666666666
0.8708333333333333
0.8691666666666666
0.8691666666666666
0.8683333333333333
0.8708333333333333
0.8708333333333333
0.8708333333333333
0.8675
0.8708333333333333
0.8691666666666666
0.8691666666666666
0.8708333333333333
0.8708333333333333
0.8683333333333333
