128.93572279810905
72.87629063427448
58.0906158387661
49.94637033343315
41.45348855108023
34.110989928245544
29.077733006328344
24.899155408143997
20.7231524027884
17.607781077735126
11.187629448249936
8.50728639611043
6.784083801088855
4.96582931256853
3.7521653324365616
2.841268089483492
1.9110108555760235
1.7830974051030353
1.0280998784292024
0.7970778335875366
0.7044086457462981
0.5781982189218979
0.5101431583170779
0.45284354625619017
0.41644869910669513
0.37541260407306254
0.3354819003579905
0.31167255880427547
0.28270666021853685
0.2635322311980417
0.24580351368058473
0.23063104369794019
0.21859126770868897
0.20466892552212812
0.1916969329904532
0.18188128481415333
0.17404381308733718
0.1654024001181824
0.15549502576322993
0.15039252302085515
0.14276204517227598
0.1369205929877353
0.13141739010461606
0.12579834485222818
0.1214287906041136
0.11684830971353222
0.11257337993447436
0.10914599464194907
0.10462771862876252
0.10148751919950882
