150.49397259950638
100.62041860818863
86.31113928556442
81.91020226478577
77.96847864985466
72.11637091636658
70.91017878055573
68.04993303120136
66.84579949080944
62.46569714695215
60.93447446078062
59.02027650922537
57.322904616594315
52.80867858976126
52.75433348119259
50.011327154934406
46.67662811279297
44.644191563129425
41.03538275510073
39.29950352013111
36.09137051552534
31.51480507850647
29.263500907458365
26.20743177086115
22.342552796006203
19.046169199049473
17.180960754863918
13.519518742337823
11.03257610509172
8.72804111521691
6.1929831395391375
6.668000044010114
4.201358330086805
2.4039822169579566
2.4818764069641475
1.0545180750195868
0.7242621940604295
0.5048366484188591
0.4069747273242683
0.3498808494041441
0.29260930226155324
0.2505981433423585
0.2229409957453754
0.2039277882577153
0.1822828276817745
0.16446603692929784
0.15316621453530388
0.14015748563906527
0.1318540585161827
0.12179097774424008
