0.7433333333333333
0.7691666666666667
0.8041666666666667
0.7733333333333333
0.81
0.8008333333333333
0.8008333333333333
0.7725
0.835
0.8108333333333333
0.8333333333333334
0.8375
0.835
0.8066666666666666
0.8116666666666666
0.7808333333333334
0.8425
0.7941666666666667
0.8508333333333333
0.8366666666666667
0.8483333333333334
0.7975
0.88
0.8416666666666667
0.8725
0.7983333333333333
0.8791666666666667
0.8675
0.8508333333333333
0.8716666666666667
0.8566666666666667
0.8675
0.8383333333333334
0.8691666666666666
0.8708333333333333
0.87
0.8775
0.8741666666666666
0.8725
0.8675
0.8666666666666667
0.87
0.87
0.8675
0.8658333333333333
0.8658333333333333
0.8691666666666666
0.8683333333333333
0.8658333333333333
0.8675
