113.43800085783005
66.42100614309311
49.46130933240056
41.0813011508435
37.25911474227905
27.969063258729875
27.90975523367524
19.713138819672167
17.48456416465342
13.50040825852193
13.075306993210688
13.541360543982591
6.600263232016005
10.186610685195774
8.921911953919334
7.73010641374276
5.9682627216679975
18.464944614424894
11.318633147282526
4.465910080551112
2.668492256922036
13.261460443638498
1.2757236570341774
0.927612371127907
0.32192015253167483
0.27907160776703677
0.06688559634358171
0.2542702945831934
0.05950170103915298
0.06218621324887863
0.05301012770996749
0.041557840720997774
0.036765436936775586
0.030550724525028272
0.024550315680016865
0.034879048795346534
0.02761121770618047
0.04194596973525222
0.025284932798513182
0.02520816111223212
0.019096894555616473
0.017547328153000308
0.02104158037866455
0.01729131299975961
0.013548044386425317
0.02548808361683541
0.023560766135460653
0.04196643411705736
0.07956461196647524
0.018617694330771428
