0.8158333333333333
0.8708333333333333
0.9066666666666666
0.8191666666666667
0.8983333333333333
0.905
0.905
0.9166666666666666
0.935
0.9283333333333333
0.9266666666666666
0.925
0.9291666666666667
0.9191666666666667
0.94
0.9391666666666667
0.93
0.905
0.93
0.9341666666666667
0.9191666666666667
0.9483333333333334
0.9316666666666666
0.935
0.9433333333333334
0.9341666666666667
0.9433333333333334
0.9408333333333333
0.9433333333333334
0.9491666666666667
0.9525
0.9425
0.945
0.9458333333333333
0.94
0.9483333333333334
0.9433333333333334
0.9425
0.9416666666666667
0.9425
0.9475
0.9483333333333334
0.9475
0.95
0.9466666666666667
0.9441666666666667
0.945
0.9366666666666666
0.945
0.9433333333333334
